[gd_scene load_steps=3 format=2]

[ext_resource path="res://3D Model Imports/Zombies/_3ZombieWalking.mesh" type="ArrayMesh" id=1]
[ext_resource path="res://3D Model Imports/Zombies/WalkingAnimation.anim" type="Animation" id=2]

[node name="Scene Root" type="Spatial"]

[node name="Armature" type="Skeleton" parent="."]
transform = Transform( 0.997981, -0.0616123, -0.0154119, 0.037973, 0.773373, -0.632813, 0.0509082, 0.630951, 0.774151, 0, 0, 0 )
bones/0/name = "Bone.041"
bones/0/parent = -1
bones/0/rest = Transform( 4.24096, 0, -2.02225e-06, -9.57744e-07, 3.73517, -2.00853, 1.78107e-06, 2.00854, 3.73517, -2.27374e-13, -4.31305, -9.18549 )
bones/0/enabled = true
bones/0/bound_children = [  ]
bones/1/name = "Bone"
bones/1/parent = 0
bones/1/rest = Transform( 1, 5.3483e-08, 7.12247e-07, 2.67415e-08, 0.99369, -0.112162, -7.13751e-07, 0.112162, 0.99369, 5.18928e-07, -1.08711, 1.08827 )
bones/1/enabled = true
bones/1/bound_children = [  ]
bones/2/name = "Bone.001"
bones/2/parent = 1
bones/2/rest = Transform( 1, 2.67415e-08, -7.13751e-07, 5.34829e-08, 0.99369, 0.112162, 7.12247e-07, -0.112162, 0.99369, -5.68434e-14, 1.00844, 5.96046e-08 )
bones/2/enabled = true
bones/2/bound_children = [  ]
bones/3/name = "Bone.002"
bones/3/parent = 2
bones/3/rest = Transform( 1, 8.6007e-08, -7.23076e-07, -2.15017e-07, 0.983599, -0.18037, 6.95704e-07, 0.18037, 0.983599, 8.52651e-14, 1.38385, 8.9407e-08 )
bones/3/enabled = true
bones/3/bound_children = [  ]
bones/4/name = "Bone.003"
bones/4/parent = 3
bones/4/rest = Transform( 1, -8.72859e-08, 4.73637e-07, 5.23715e-08, 0.997316, 0.0732207, -4.78757e-07, -0.0732207, 0.997316, 5.68434e-14, 0.368123, 4.47035e-08 )
bones/4/enabled = true
bones/4/bound_children = [  ]
bones/5/name = "Bone.004"
bones/5/parent = 4
bones/5/rest = Transform( 1, 7.09485e-07, -2.74645e-05, -2.71529e-05, -0.12677, -0.991932, -4.18542e-06, 0.991932, -0.12677, 2.53675e-07, -0.089507, 0.354664 )
bones/5/enabled = true
bones/5/bound_children = [  ]
bones/6/name = "Bone.042"
bones/6/parent = 4
bones/6/rest = Transform( 1, 6.14807e-07, 4.04722e-07, -1.4185e-08, 0.565842, -0.824513, -7.35926e-07, 0.824513, 0.565842, -0.172252, 0.354443, 0.336087 )
bones/6/enabled = true
bones/6/bound_children = [  ]
bones/7/name = "Bone.043"
bones/7/parent = 4
bones/7/rest = Transform( 1, 6.14807e-07, 4.04722e-07, -1.4185e-08, 0.565842, -0.824513, -7.35926e-07, 0.824513, 0.565842, 0.172253, 0.354443, 0.336087 )
bones/7/enabled = true
bones/7/bound_children = [  ]
bones/8/name = "Bone.005"
bones/8/parent = 2
bones/8/rest = Transform( -0.300269, 0.889906, 0.343374, -0.198977, -0.410503, 0.889885, 0.932871, 0.198882, 0.300332, -2.81091e-08, 1.38385, 1.49012e-08 )
bones/8/enabled = true
bones/8/bound_children = [  ]
bones/9/name = "Bone.007"
bones/9/parent = 8
bones/9/rest = Transform( 0.729303, 0.373842, -0.573027, -0.635023, 0.681615, -0.363522, 0.254684, 0.629002, 0.734501, 5.96046e-08, 0.777627, 0 )
bones/9/enabled = true
bones/9/bound_children = [  ]
bones/10/name = "Bone.009"
bones/10/parent = 9
bones/10/rest = Transform( 0.669968, 0.738714, -0.0737866, -0.735051, 0.64612, -0.205497, -0.104128, 0.191913, 0.975872, -4.17233e-07, 1.08126, 1.19209e-07 )
bones/10/enabled = true
bones/10/bound_children = [  ]
bones/11/name = "Bone.013"
bones/11/parent = 10
bones/11/rest = Transform( 0.995649, -0.0808505, 0.0463262, 0.0803625, 0.996689, 0.0123036, -0.0471676, -0.00852714, 0.99885, 4.76837e-07, 1.55301, 5.36442e-07 )
bones/11/enabled = true
bones/11/bound_children = [  ]
bones/12/name = "Bone.014"
bones/12/parent = 11
bones/12/rest = Transform( 0.957955, 0.285566, -0.0278366, -0.285795, 0.958281, -0.00453088, 0.0253814, 0.0122959, 0.999602, 0.124745, 0.481725, 0.00536966 )
bones/12/enabled = true
bones/12/bound_children = [  ]
bones/13/name = "Bone.015"
bones/13/parent = 12
bones/13/rest = Transform( 0.972636, -0.0548466, -0.22577, 0.053624, 0.998494, -0.0115494, 0.226063, -0.00087329, 0.974112, -1.19209e-07, 0.217532, 1.78814e-07 )
bones/13/enabled = true
bones/13/bound_children = [  ]
bones/14/name = "Bone.016"
bones/14/parent = 11
bones/14/rest = Transform( 0.99538, -0.0956153, 0.00878228, 0.0955743, 0.99541, 0.00497817, -0.00921795, -0.00411587, 0.999949, -0.0301052, 0.520204, -0.00129664 )
bones/14/enabled = true
bones/14/bound_children = [  ]
bones/15/name = "Bone.017"
bones/15/parent = 14
bones/15/rest = Transform( 0.972639, -0.054779, -0.225774, 0.054007, 0.998495, -0.00959935, 0.22596, -0.00285661, 0.974133, -1.19209e-07, 0.217532, -2.38419e-07 )
bones/15/enabled = true
bones/15/bound_children = [  ]
bones/16/name = "Bone.018"
bones/16/parent = 11
bones/16/rest = Transform( 0.942912, -0.331953, 0.0269342, 0.331347, 0.943188, 0.0246218, -0.0335774, -0.0142916, 0.999334, -0.171326, 0.487798, -0.00737643 )
bones/16/enabled = true
bones/16/bound_children = [  ]
bones/17/name = "Bone.019"
bones/17/parent = 16
bones/17/rest = Transform( 0.972554, -0.0547026, -0.226154, 0.0542031, 0.998494, -0.0084227, 0.226275, -0.00406672, 0.974055, 2.98023e-07, 0.194207, 1.19209e-07 )
bones/17/enabled = true
bones/17/bound_children = [  ]
bones/18/name = "Bone.020"
bones/18/parent = 11
bones/18/rest = Transform( 0.873877, -0.484942, 0.0342198, 0.483499, 0.874297, 0.0428233, -0.0506851, -0.020877, 0.998497, -0.283059, 0.405051, -0.0121865 )
bones/18/enabled = true
bones/18/bound_children = [  ]
bones/19/name = "Bone.021"
bones/19/parent = 18
bones/19/rest = Transform( 0.972459, -0.0546385, -0.226578, 0.0543135, 0.998494, -0.00767383, 0.226656, -0.0048438, 0.973963, 2.38419e-07, 0.158052, -1.19209e-07 )
bones/19/enabled = true
bones/19/bound_children = [  ]
bones/20/name = "Bone.022"
bones/20/parent = 11
bones/20/rest = Transform( 0.61174, 0.788521, -0.0633122, -0.788819, 0.61407, 0.0261435, 0.0594928, 0.0339489, 0.997652, 0.218282, 0.201671, 0.00939715 )
bones/20/enabled = true
bones/20/bound_children = [  ]
bones/21/name = "Bone.023"
bones/21/parent = 20
bones/21/rest = Transform( 0.972291, -0.0548241, -0.227255, 0.0529722, 0.998494, -0.0142453, 0.227694, 0.00181235, 0.973731, -2.38419e-07, 0.176778, 5.96046e-08 )
bones/21/enabled = true
bones/21/bound_children = [  ]
bones/22/name = "Bone.006"
bones/22/parent = 2
bones/22/rest = Transform( -0.306919, -0.884725, -0.350802, 0.194755, -0.419176, 0.886771, -0.931596, 0.203846, 0.300957, -2.8109e-08, 1.38385, 1.49012e-07 )
bones/22/enabled = true
bones/22/bound_children = [  ]
bones/23/name = "Bone.008"
bones/23/parent = 22
bones/23/rest = Transform( 0.737732, -0.376442, 0.560396, 0.629178, 0.684299, -0.368606, -0.24472, 0.624521, 0.741678, 1.19209e-07, 0.788448, -5.96046e-08 )
bones/23/enabled = true
bones/23/bound_children = [  ]
bones/24/name = "Bone.010"
bones/24/parent = 23
bones/24/rest = Transform( 0.670609, -0.737523, 0.0796454, 0.733626, 0.643471, -0.21849, 0.109892, 0.204951, 0.972584, -1.78814e-07, 1.0833, -5.96046e-08 )
bones/24/enabled = true
bones/24/bound_children = [  ]
bones/25/name = "Bone.012"
bones/25/parent = 24
bones/25/rest = Transform( 0.998606, -0.0184966, 0.0494434, 0.0180044, 0.999784, 0.0103803, -0.0496247, -0.0094756, 0.998723, 3.57628e-07, 1.55556, 1.19209e-07 )
bones/25/enabled = true
bones/25/bound_children = [  ]
bones/26/name = "Bone.025"
bones/26/parent = 25
bones/26/rest = Transform( 0.981931, -0.189079, 0.00774375, 0.188983, 0.981911, 0.0116879, -0.00981361, -0.0100133, 0.999902, -0.0930957, 0.473202, 0.0210286 )
bones/26/enabled = true
bones/26/bound_children = [  ]
bones/27/name = "Bone.026"
bones/27/parent = 26
bones/27/rest = Transform( 0.970288, 0.0547499, -0.235679, -0.0540029, 0.998494, 0.00962876, 0.235851, 0.00338474, 0.971783, 2.38419e-07, 0.217532, 5.96046e-08 )
bones/27/enabled = true
bones/27/bound_children = [  ]
bones/28/name = "Bone.027"
bones/28/parent = 25
bones/28/rest = Transform( 0.980662, 0.193721, -0.0278227, -0.193929, 0.981003, -0.00496246, 0.0263329, 0.0102621, 0.999601, 0.0647298, 0.496114, 0.029389 )
bones/28/enabled = true
bones/28/bound_children = [  ]
bones/29/name = "Bone.028"
bones/29/parent = 28
bones/29/rest = Transform( 0.970284, 0.0548356, -0.235673, -0.0536173, 0.998494, 0.0115799, 0.235954, 0.00140043, 0.971763, -2.38419e-07, 0.217532, -1.78814e-07 )
bones/29/enabled = true
bones/29/bound_children = [  ]
bones/30/name = "Bone.029"
bones/30/parent = 25
bones/30/rest = Transform( 0.904477, 0.423608, -0.0497702, -0.424199, 0.905568, -0.00146298, 0.0444506, 0.0224356, 0.998759, 0.201976, 0.449843, 0.0366586 )
bones/30/enabled = true
bones/30/bound_children = [  ]
bones/31/name = "Bone.030"
bones/31/parent = 30
bones/31/rest = Transform( 0.970376, 0.0548517, -0.23529, -0.0533521, 0.998495, 0.0127398, 0.235634, 0.000190668, 0.971842, 1.19209e-07, 0.194206, -1.19209e-07 )
bones/31/enabled = true
bones/31/bound_children = [  ]
bones/32/name = "Bone.031"
bones/32/parent = 25
bones/32/rest = Transform( 0.82006, 0.568944, -0.0616857, -0.569709, 0.821824, 0.00610296, 0.0541671, 0.0301381, 0.998077, 0.304907, 0.356408, 0.0421098 )
bones/32/enabled = true
bones/32/bound_children = [  ]
bones/33/name = "Bone.032"
bones/33/parent = 32
bones/33/rest = Transform( 0.970478, 0.0548486, -0.234869, -0.0531697, 0.998495, 0.0134798, 0.235255, -0.00059399, 0.971934, -1.19209e-07, 0.158052, 1.19209e-07 )
bones/33/enabled = true
bones/33/bound_children = [  ]
bones/34/name = "Bone.033"
bones/34/parent = 25
bones/34/rest = Transform( 0.690009, -0.723418, 0.023518, 0.719994, 0.689346, 0.0800679, -0.0741346, -0.0383147, 0.996512, -0.213873, 0.20382, 0.0146315 )
bones/34/enabled = true
bones/34/bound_children = [  ]
bones/35/name = "Bone.034"
bones/35/parent = 34
bones/35/rest = Transform( 0.97066, 0.0545188, -0.234194, -0.0544194, 0.998494, 0.00689048, 0.234217, 0.00605635, 0.972165, 0, 0.176779, 0 )
bones/35/enabled = true
bones/35/bound_children = [  ]
bones/36/name = "Bone.011"
bones/36/parent = 0
bones/36/rest = Transform( -0.143802, 0.973578, 0.17739, -0.352907, -0.217918, 0.909928, 0.924542, 0.0682469, 0.37492, 5.18928e-07, -1.08711, 1.08827 )
bones/36/enabled = true
bones/36/bound_children = [  ]
bones/37/name = "Bone.035"
bones/37/parent = 36
bones/37/rest = Transform( 0.174915, 0.43774, 0.881923, -0.956721, 0.287148, 0.0472245, -0.23257, -0.852015, 0.469021, -1.19209e-07, 0.454598, -2.38419e-07 )
bones/37/enabled = true
bones/37/bound_children = [  ]
bones/38/name = "Bone.037"
bones/38/parent = 37
bones/38/rest = Transform( 0.999985, -0.00418989, 0.00363768, 0.00411821, 0.999802, 0.0194982, -0.00371865, -0.0194828, 0.999803, -4.47035e-08, 1.1082, 2.38419e-07 )
bones/38/enabled = true
bones/38/bound_children = [  ]
bones/39/name = "Bone.039"
bones/39/parent = 38
bones/39/rest = Transform( 0.997575, 0.0242887, -0.0652279, -0.0696033, 0.348144, -0.934853, 2.37234e-06, 0.937126, 0.34899, 2.98023e-08, 1.27874, -5.96046e-07 )
bones/39/enabled = true
bones/39/bound_children = [  ]
bones/40/name = "Bone.024"
bones/40/parent = 0
bones/40/rest = Transform( -0.15397, -0.971388, -0.180826, 0.374238, -0.226706, 0.899195, -0.914461, 0.0707774, 0.398436, 4.06492e-07, -1.08711, 1.08827 )
bones/40/enabled = true
bones/40/bound_children = [  ]
bones/41/name = "Bone.036"
bones/41/parent = 40
bones/41/rest = Transform( 0.186351, -0.457183, -0.86963, 0.953943, 0.29599, 0.0488094, 0.235087, -0.838673, 0.491285, 0, 0.435073, 0 )
bones/41/enabled = true
bones/41/bound_children = [  ]
bones/42/name = "Bone.038"
bones/42/parent = 41
bones/42/rest = Transform( 0.999985, 0.00418982, -0.0036373, -0.00411812, 0.999802, 0.0194982, 0.00371827, -0.0194829, 0.999804, 0, 1.1082, -1.78814e-07 )
bones/42/enabled = true
bones/42/bound_children = [  ]
bones/43/name = "Bone.040"
bones/43/parent = 42
bones/43/rest = Transform( 0.997576, -0.0242886, 0.0652105, 0.069587, 0.348144, -0.934855, 3.65161e-06, 0.937126, 0.34899, 2.98023e-08, 1.27874, 4.76837e-07 )
bones/43/enabled = true
bones/43/bound_children = [  ]

[node name="Zombie" type="MeshInstance" parent="Armature"]
mesh = ExtResource( 1 )
material/0 = null
material/1 = null

[node name="Armature2" type="Spatial" parent="."]
transform = Transform( 4.24096, 0, 0, 0, 3.19666, -2.78695, 0, 2.78695, 3.19666, 0, -10.4842, -7.94845 )

[node name="AnimationPlayer" type="AnimationPlayer" parent="."]
anims/ArmatureAction = ExtResource( 2 )
