[gd_scene load_steps=14 format=2]

[ext_resource path="res://cone.obj" type="ArrayMesh" id=2]
[ext_resource path="res://Assets/Guns/holoGoodShotgun.tres" type="ArrayMesh" id=5]

[sub_resource type="Skin" id=1]
bind_count = 5
bind/0/name = "grab"
bind/0/bone = -1
bind/0/pose = Transform( 0.0574339, -0.0282364, -0.99795, -0.0147721, -0.999514, 0.0274306, -0.99824, 0.0131663, -0.0578233, 0.0800294, -2.37031, -0.563951 )
bind/1/name = "trigger"
bind/1/bone = -1
bind/1/pose = Transform( 0.631596, -0.771465, -0.076993, -0.128317, -0.00607878, -0.991714, 0.764605, 0.636243, -0.102831, -1.43916, 0.00445377, 2.07764 )
bind/2/name = "shell"
bind/2/bone = -1
bind/2/pose = Transform( 0.124303, -0.0512495, -0.99092, -0.665094, -0.745409, -0.0448792, -0.736341, 0.664634, -0.126743, 0.015003, -2.30265, 1.54525 )
bind/3/name = "pump"
bind/3/bone = -1
bind/3/pose = Transform( 0.0243943, -0.0123783, -0.999626, -0.689478, -0.724264, -0.00785733, -0.723896, 0.689411, -0.0262026, 0.0736424, -2.17855, 2.16242 )
bind/4/name = "slide"
bind/4/bone = -1
bind/4/pose = Transform( 0.0501158, -0.0253002, -0.998423, -0.689014, -0.724566, -0.0162246, -0.723013, 0.688741, -0.0537445, 0.0612639, -2.0417, 1.67114 )

[sub_resource type="Animation" id=2]
resource_name = "Rotate"
length = 6.0
loop = true
tracks/0/type = "value"
tracks/0/path = NodePath(".:rotation_degrees")
tracks/0/interp = 1
tracks/0/loop_wrap = true
tracks/0/imported = false
tracks/0/enabled = true
tracks/0/keys = {
"times": PoolRealArray( 0, 2, 4, 6 ),
"transitions": PoolRealArray( 1, 1, 1, 1 ),
"update": 0,
"values": [ Vector3( 0, 0, 0 ), Vector3( 0, 120, 0 ), Vector3( 0, 240, 0 ), Vector3( 0, 359, 0 ) ]
}
tracks/1/type = "value"
tracks/1/path = NodePath(".:translation")
tracks/1/interp = 1
tracks/1/loop_wrap = true
tracks/1/imported = false
tracks/1/enabled = false
tracks/1/keys = {
"times": PoolRealArray( 0 ),
"transitions": PoolRealArray( 1 ),
"update": 0,
"values": [ Vector3( 0, 0, 0 ) ]
}
tracks/2/type = "value"
tracks/2/path = NodePath("Cylinder006:translation")
tracks/2/interp = 1
tracks/2/loop_wrap = true
tracks/2/imported = false
tracks/2/enabled = false
tracks/2/keys = {
"times": PoolRealArray( 0, 3, 6 ),
"transitions": PoolRealArray( 1, 1, 1 ),
"update": 0,
"values": [ Vector3( 0, 0, 0 ), Vector3( -2.1775, 2.11876, 0 ), Vector3( 0, 0, 0 ) ]
}
tracks/3/type = "value"
tracks/3/path = NodePath("Cylinder006:transform")
tracks/3/interp = 1
tracks/3/loop_wrap = true
tracks/3/imported = false
tracks/3/enabled = true
tracks/3/keys = {
"times": PoolRealArray( 0, 3, 6 ),
"transitions": PoolRealArray( 1, 1, 1 ),
"update": 0,
"values": [ Transform( 0.651855, -0.756878, -0.0471112, 0.758053, 0.652065, 0.0128827, 0.0209693, -0.0441106, 0.998806, -2.1775, 2.44433, 0 ), Transform( 0.651855, -0.756878, -0.0471115, 0.758053, 0.652065, 0.0128825, 0.0209693, -0.0441106, 0.998806, -2.1775, 2.11876, 0 ), Transform( 0.651855, -0.756878, -0.0471112, 0.758053, 0.652065, 0.0128827, 0.0209693, -0.0441106, 0.998806, -2.1775, 2.44433, 0 ) ]
}

[sub_resource type="Animation" id=3]
length = 1.58333

[sub_resource type="Animation" id=4]
length = 0.417
loop = true

[sub_resource type="Animation" id=5]
length = 0.916667

[sub_resource type="Animation" id=6]
length = 0.875

[sub_resource type="Animation" id=7]
length = 0.625

[sub_resource type="Animation" id=8]
length = 1.20833

[sub_resource type="Gradient" id=9]
offsets = PoolRealArray( 0.102041, 0.353741, 0.489796, 0.85034 )
colors = PoolColorArray( 0, 0, 0, 1, 0.0541757, 0.292382, 0.374837, 1, 0.0829926, 0.447904, 0.574219, 1, 1, 1, 1, 1 )

[sub_resource type="GradientTexture" id=10]
gradient = SubResource( 9 )

[sub_resource type="SpatialMaterial" id=11]
flags_unshaded = true
params_blend_mode = 1
params_cull_mode = 2
albedo_texture = SubResource( 10 )

[node name="shotgun" type="Spatial"]
transform = Transform( -0.48234, 0, 0.875984, 0, 1, 0, -0.875984, 0, -0.48234, 0, 0, 0 )

[node name="Cylinder006" type="MeshInstance" parent="."]
transform = Transform( 0.651855, -0.756878, -0.0471115, 0.758053, 0.652065, 0.0128825, 0.0209693, -0.0441106, 0.998806, -2.1775, 2.22938, 0 )
cast_shadow = 0
mesh = ExtResource( 5 )
skin = SubResource( 1 )
material/0 = null

[node name="Armature" type="Spatial" parent="."]
transform = Transform( 0.0723439, -0.841798, 0.534922, 0.881263, -0.197203, -0.429518, 0.467056, 0.502481, 0.727579, 0, 0, 0 )

[node name="AnimationPlayer" type="AnimationPlayer" parent="."]
autoplay = "Rotate"
anims/Rotate = SubResource( 2 )
anims/reload_end = SubResource( 3 )
anims/reload_middle = SubResource( 4 )
anims/reload_start = SubResource( 5 )
anims/shotgun_equip = SubResource( 6 )
anims/shotgun_shoot = SubResource( 7 )
anims/shotgun_unequip = SubResource( 8 )

[node name="cone" type="MeshInstance" parent="."]
transform = Transform( 2.62672, 0, 0, 0, 1.04007, 0, 0, 0, 0.809456, -0.0523219, -0.952328, 0.0144857 )
cast_shadow = 0
mesh = ExtResource( 2 )
material/0 = SubResource( 11 )
